0,422
0,420
0,419
33,123
33,122
33,121
33,120
33,119
33,118
33,117
0,414
0,412
46,36
0,404
0,403
33,116
33,115
33,114
33,113
33,112
46,35
10,204
10,185
10,21
10,247
10,31
10,197
11,19
11,7
11,10
11,27
11,2
11,3
9,7
9,6
9,1
9,4
9,2
9,3
8,7
8,16
8,5
8,9
8,2
8,3
0,318
12,2
12,1
12,3
20,2
20,1
20,3
41,3
41,2
41,1
41,0
19,2
40,3
19,1
40,2
40,1
19,3
40,0
39,5
39,4
39,3
39,2
39,1
39,0
38,4
38,3
38,2
38,1
38,0
37,4
37,3
37,2
37,1
37,0
36,10
36,9
36,8
36,7
36,6
36,5
36,4
36,3
36,2
36,1
36,0
35,15
35,14
35,13
35,12
35,11
35,10
35,9
35,8
35,5
35,4
35,3
35,1
34,9
34,8
34,7
34,6
34,4
34,3
34,1
33,111
33,110
33,109
33,108
33,107
33,106
33,105
33,104
33,103
33,102
33,101
33,100
33,99
33,98
33,97
33,96
33,95
33,94
33,93
33,92
33,91
33,90
33,89
33,88
33,87
33,86
33,85
33,84
33,83
33,82
33,81
33,80
33,79
33,78
33,77
